1101101 0100110 1001111 0111110 1001100 1110101 0111000 0100011 1000100 1100010 1001000 0110001 1011101 0010110 1110110 0101100 1111100 0001001 1011010 1100111 1111000 1101100 1011011 0100011 0001100 0101100 0000001 0110101 0010101 0001111 1100000 0010100 1000000 0101011 1010111 1000011 0110111 1101100 0000100 1111000 1100100 0010010 0011101 1111111 1010001 1001100 1110001 0101010 1100011 0110010 1010100 0101101 0010101 0110111 0001101 0100100 1101000 1000100 0100000 1010000 1101110 0010000 0011011 1000011 0011111 1001001 1111000 0111011 0100011 0011100 0010001 1111011 0110011 1010101 0001001
0111101 1100101 0010000 0001010 1101001 1000100 1010101 1100111 1000110 0000000 1111111 1011001 0000111 1100010 0001111 1001100 1101111 1011011 0011101 1000100 1000110 0001101 0100001 0000110 1101110 0101011 0111111 1110110 1111000 1000110 1101110 1100010 0001000 1111001 0111100 1111101 1111001 1111010 0101100 1111010 0100011 0110111 0000111 1100110 0011100 1000010 1101010 1111101 1011111 1101011 1000110 0010110 1000100 0011100 1010010 1101101 0011010 0001011 1010111 0011111 0101011 0000011 1111000 0100100 1001100 0101010 0001011 0110011 0011110 0111001 0011011 1010000 0110001 0101101 0110001
0100101 1000101 1010101 1101111 1100000 1110100 0100010 1110011 1110011 1011010 0101010 0111100 0110011 1001100 1110011 1001010 0100000 0111110 0101101 0101001 0011101 1100100 1111100 1110101 0001000 1000111 1010010 0100011 0100100 1100011 0011111 0010000 0110000 0110100 1001111 0100000 1110001 1101001 0000100 0001101 1110001 1100010 1110000 0000001 1101110 0110110 1100100 1011000 1110010 1000000 1101111 1110101 0000100 0010110 0011110 0110010 0001011 0011110 1100111 1101101 0001110 0010010 1010000 1011101 1000010 1101011 1110000 1111001 0111101 1010111 1000001 0100010 0110100 1010011 1010010
1000101 1111011 1110011 0010111 1100001 1111011 0110100 1000010 1111100 1001111 1101101 1000101 0001001 0001111 1000010 0111010 1100110 1101100 0100000 1010010 0110010 1101010 1001011 1100101 0001000 1011001 0000101 0011011 0111000 0101110 1010111 0001111 0101111 0100000 1001111 1111000 1100100 0111101 0110001 0010110 0001111 0001100 1111000 1010001 0001111 1110001 0001100 1110110 0101111 0010110 0100000 0100000 1011111 0100001 0100110 1000011 0110100 1000111 1110110 0111100 0011110 1010101 0100001 1100100 1010001 1000010 1100101 0000000 1011010 0100111 1000010 1101101 1100010 0011000 1000111
1110100 0011100 1001011 0101010 0000101 0011101 1010100 1010110 0000011 1001011 0001110 0100110 0011111 0010110 1100010 1101001 1101111 0110001 0110100 0100100 1101110 0101000 0011110 1100011 0100000 0000110 0011011 0011110 1111111 0110101 0000001 1010101 1001111 0110011 0010010 1111101 0001101 1110100 1001011 0100111 0110111 0000111 1001011 1100011 0100100 1011000 0000001 0100010 0000011 1111110 0100001 0000101 1001100 0100010 1111111 0010000 1000000 1011100 0101011 0111001 1000001 0101110 0110010 1101110 1000011 1000000 0011110 0101000 1110010 1110011 1011001 0000101 1110110 1111110 1111110
0110000 0001110 1111000 1010000 0101001 1010110 1101010 0000001 1111110 1001011 1100000 1000110 0111001 0100001 0110100 1000000 1010011 0011010 1000000 1000010 0110011 0111111 0100001 0000001 0000101 1110100 0001011 1110110 0110100 1011100 0111111 0001100 0111111 1110010 0111001 0110011 0110110 1101001 1000011 0000001 0011101 1100111 1010001 0100010 1111001 0101010 1110000 1111111 1111110 0011111 1110111 1001110 1000011 0000110 1000101 1100110 0101011 0101101 0001101 0110100 0000111 1111010 0111010 0100011 1110001 1100100 0101111 1111100 1001011 1101110 0011111 0100000 0000110 1111010 0011011
1011101 0100011 0101011 0101111 1011000 1000110 0110100 1011100 0110001 1010101 1000110 0010101 1100111 1111011 0100100 0011111 1100110 1111110 0110110 1001010 1101011 1100010 0001110 1010111 1000100 1110000 1010010 0110111 1110110 0110111 1101010 0000000 0101000 1101101 1101101 0101001 0011011 1000011 0110111 0101110 1010100 1011010 1011000 1000111 0000010 1100100 1101101 1100101 1001111 0111000 1101100 0101001 0100100 1111100 1101110 1001101 0110110 1000101 1000101 0100000 1010101 1110010 1010011 0000111 1011001 1001100 0100101 0100110 1111000 0110110 1100100 0000011 0000101 0010101 1111100
1001001 1111000 0011001 1010100 0110100 1111111 1011001 0001110 1011011 0110110 0000100 1101000 0011011 1101111 1110010 0110111 0011110 1111110 0111111 1100010 0110011 0101110 1101000 0000100 0001011 0011110 0011000 0110000 1001011 0111100 0110111 1011010 0101110 0101000 0110110 0110111 0001010 0010001 1001101 0111101 1111111 1000110 1110001 0001010 0111110 1000111 1100011 1101101 0111011 0111000 1111001 1111001 1001001 1101100 0000000 0110011 1011100 1100000 1000100 0001100 1101000 1000101 0001101 0101001 0011111 0000101 1010001 0000010 0010111 0011001 0111111 0111010 1011101 1110011 1001010
1100011 1110000 0000100 1010100 1110010 1100111 0001010 0101100 0111011 1101110 0101000 1100111 0111001 0000110 0100011 1001111 0100010 1001011 1001100 0101111 1000110 0100010 0011100 1011111 0010000 1100100 0011011 0111110 0100110 0001111 0000111 1100010 0101011 1000001 1011011 0011000 0010000 1010110 1111000 0111101 1011000 0000010 1010000 0110011 0000111 0100111 1000101 1000100 1100110 1001110 1110110 1110011 0000001 0000111 1110000 0101111 0101111 1110110 1111110 1101100 1001100 1101000 0100110 1001111 1011010 1101010 1100001 1000100 0011011 0000011 0110110 0000101 1111001 1111110 1010001
0000001 1001101 1010000 0000000 0111001 0011100 1110000 0111111 1010110 1000011 1111000 0100101 1011101 0110010 1001110 1111110 1000111 1110101 1101011 1110011 0000110 0000110 1101100 1010001 1110111 1010010 1111010 1011100 1001110 0001000 1000110 0011010 1011110 1111001 1011001 0011101 1010011 1111101 1000001 0000001 1000101 0110110 1010011 0000111 0110011 1011011 1110101 1110100 0110110 1111000 1100110 1111001 0000001 0000110 0001000 0011101 0110111 0111011 0011100 0000111 0100100 0001111 0001010 1011001 1100100 0111001 1000001 0110010 1101011 0000100 1111100 1100001 0010111 1001000 0100011
