0011000
1101111
0111110
0111010
0100011
1001100
0001010
1111111
0100101
1101110
1011101
1001111
0101001
1010000
0101010
0001000
0100111
0111001
0011100
1100100
0110001
1000101
0010110
1000001
1110111
1111100
1100000
0011001
1111011
0100010
1101101
1000111
0011101
0101011
0011111
1010110
1111000
0111000
0101110
0001011
1011111
1001110
0010011
0000010
1001010
0101111
1100011
1110010
1110001
0011011
1000000
0010010
0101101
1011000
1011010
0110111
0010101
1010111
0000101
0111100
0100110
1001001
1000011
0010100
0010000
0100001
1011001
0101000
0000011
1011110
1101010
1101000
1001000
1011011
0000110
1011100
0011110
0110110
1110101
1100010
1101011
0111011
0010111
0100000
0111111
1100101
1001101
0001111
0011010
0110101
1100110
0000001
0000000
0110100
1110110
1100111
1010001
1000100
0110000
1111110
0110011
1110000
1111010
0001110
1110100
1101100
0100100
1000010
1111101
0111101
1101001
0001001
0000100
1001011
0001101
0010001
1010010
1100001
1010100
1010011
1111001
1000110
0101100
0001100
0110010
1110011
1010101
0000111
